4294967279,110
4294967279,113
4294967279,112
4294967279,111
4294967294,221
4294967278,298
233,6
233,0
4294967278,360
4294967279,256
4294967279,400
4294967278,251
4294967279,117
4294967279,116
4294967279,239
4294967279,115
4294967279,114
4294967279,253
4294967278,248
4294967279,251
4294967279,243
4294967279,120
4294967279,249
4294967279,119
4294967279,247
4294967279,118
4294967279,245
4294967278,242
4294967278,291
4294967278,327
4294967278,235
4294967278,233
4294967278,231
233,4
233,3
233,2
233,1
4294967278,229
4294967278,226
4294967278,222
4294967279,460
4294967279,410
232,0
4294967279,122
4294967279,121
4294967279,459
4294967278,397
4294967278,213
4294967279,123
4294967278,208
223,6
4294967278,205
4294967279,124
4294967279,127
4294967279,126
4294967279,125
4294967279,455
4294967279,451
4294967279,202
4294967279,132
4294967279,131
4294967279,130
4294967279,129
4294967279,128
4294967279,450
4294967279,449
4294967278,199
223,0
4294967279,447
4294967278,16
4294967278,15
4294967278,14
4294967278,13
4294967278,12
4294967278,11
4294967278,10
4294967278,9
4294967278,8
4294967278,7
4294967278,6
4294967278,5
4294967278,4
4294967294,408
4294967294,396
4294967294,397
4294967294,405
4294967294,418
4294967294,168
4294967294,398
4294967294,213
4294967294,468
4294967294,454
4294967294,415
4294967294,458
4294967294,109
4294967294,111
4294967279,194
4294967279,195
223,7
4294967279,444
4294967278,193
4294967279,388
4294967279,443
4294967279,387
4294967279,441
4294967278,185
4294967294,389
4294967278,186
4294967278,373
4294967279,187
232,6
4294967278,25
4294967278,24
4294967278,23
4294967278,22
4294967278,21
4294967278,20
4294967278,19
4294967278,18
4294967278,17
4294967279,427
4294967278,184
4294967278,182
4294967278,183
4294967279,184
4294967279,439
4294967279,180
4294967278,178
232,4
4294967279,179
232,2
232,1
4294967279,384
4294967278,177
4294967279,178
4294967279,136
4294967278,175
4294967294,481
4294967278,172
4294967278,348
4294967278,349
4294967279,422
4294967278,33
4294967278,32
4294967278,31
4294967278,30
4294967278,29
4294967278,28
4294967278,27
4294967278,26
4294967279,421
4294967278,346
4294967279,419
4294967279,170
4294967278,345
4294967278,311
4294967279,303
4294967278,344
4294967279,418
4294967278,343
4294967279,319
4294967278,342
4294967278,310
4294967278,309
4294967278,42
4294967278,40
4294967278,39
4294967278,38
4294967278,37
4294967278,36
4294967278,35
4294967278,34
4294967279,415
4294967278,307
4294967278,41
4294967294,388
4294967294,387
4294967279,301
4294967278,341
4294967278,340
4294967278,158
4294967279,159
4294967279,300
4294967278,157
4294967278,339
4294967279,158
4294967278,156
4294967278,155
4294967278,153
231,4
4294967278,154
231,3
231,2
231,1
4294967278,326
4294967279,154
4294967278,48
4294967278,47
4294967278,46
4294967278,45
4294967278,44
4294967278,43
4294967279,412
4294967279,152
4294967279,151
4294967279,150
230,4
4294967279,149
230,3
230,2
230,1
4294967279,297
4294967279,148
4294967279,314
4294967279,313
4294967279,144
4294967279,143
4294967279,142
229,4
4294967279,141
229,3
229,2
229,1
4294967279,308
4294967294,412
4294967279,140
4294967278,50
4294967278,49
4294967279,295
4294967279,138
4294967279,307
4294967294,436
4294967279,290
4294967278,51
4294967279,275
213,2
4294967279,134
4294967278,52
4294967279,289
4294967278,54
4294967278,53
4294967279,274
4294967279,304
4294967279,288
4294967279,293
4294967278,56
4294967278,55
4294967279,269
4294967278,59
4294967278,58
4294967278,57
4294967279,287
4294967279,286
4294967279,306
4294967279,291
4294967279,284
4294967278,63
4294967278,62
4294967278,61
4294967278,60
4294967279,91
4294967279,90
4294967279,87
4294967279,85
4294967279,262
4294967278,402
4294967294,1423
4294967279,281
4294967279,458
213,3
222,3
4294967278,401
4294967278,347
4294967279,278
4294967278,334
4294967294,393
4294967278,335
4294967278,256
4294967278,332
4294967278,254
4294967278,330
228,5
228,4
4294967278,329
228,3
228,2
228,1
4294967278,394
4294967279,0
4294967279,83
4294967279,81
4294967279,80
4294967279,78
4294967279,76
4294967279,75
4294967279,74
4294967279,72
4294967279,71
4294967279,70
4294967279,69
4294967279,67
4294967279,66
4294967279,65
4294967279,63
4294967278,392
4294967278,253
4294967278,250
4294967278,359
4294967278,358
4294967278,245
4294967294,38
4294967294,37
4294967278,243
4294967278,244
4294967278,241
4294967278,239
227,5
4294967278,238
227,4
227,3
227,2
227,1
4294967278,237
4294967294,40
4294967278,236
4294967278,234
4294967278,232
4294967278,230
4294967278,228
4294967278,225
4294967278,223
4294967278,224
4294967278,221
4294967278,217
226,4
226,3
